  
       XFOIL         Version 6.99
  
 Calculated polar for: goe436.dat                                      
  
 1 1 Reynolds number fixed          Mach number fixed         
  
 xtrf =   1.000 (top)        1.000 (bottom)  
 Mach =   0.117     Re =     3.500 e 6     Ncrit =   9.000
  
   alpha    CL        CD       CDp       CM     Top_Xtr  Bot_Xtr
  ------ -------- --------- --------- -------- -------- --------
  -1.500   0.2384   0.00710   0.00117  -0.0778   0.4269   0.0026
  -1.000   0.2919   0.00696   0.00104  -0.0770   0.4043   0.0295
  -0.500   0.3466   0.00700   0.00102  -0.0764   0.3850   0.0314
   0.000   0.4013   0.00696   0.00103  -0.0759   0.3719   0.0498
   0.500   0.4561   0.00694   0.00106  -0.0755   0.3587   0.0661
   1.000   0.5107   0.00698   0.00109  -0.0750   0.3443   0.0775
   1.500   0.5647   0.00693   0.00114  -0.0744   0.3334   0.1253
   2.000   0.6168   0.00668   0.00122  -0.0736   0.3216   0.2861
   2.500   0.6609   0.00648   0.00142  -0.0714   0.2718   0.5656
   3.000   0.6820   0.00787   0.00239  -0.0648   0.0533   0.7901
   5.000   0.9556   0.00921   0.00386  -0.0760   0.0018   1.0000
   5.500   0.9997   0.00965   0.00431  -0.0735   0.0013   1.0000
