9.904300000000000326e-01 7.799999999999999859e-04
9.760900000000000132e-01 4.499999999999999660e-03
9.571499999999999453e-01 9.620000000000000079e-03
9.361699999999999466e-01 1.541000000000000009e-02
9.146900000000000031e-01 2.146999999999999950e-02
8.931200000000000250e-01 2.764000000000000137e-02
8.715399999999999814e-01 3.386000000000000121e-02
8.499600000000000488e-01 4.012000000000000288e-02
8.283800000000000052e-01 4.639999999999999680e-02
8.068100000000000271e-01 5.269000000000000072e-02
7.852400000000000491e-01 5.899000000000000077e-02
7.636699999999999600e-01 6.528000000000000469e-02
7.420900000000000274e-01 7.158000000000000473e-02
7.205799999999999983e-01 7.785999999999999865e-02
6.992199999999999527e-01 8.407000000000000584e-02
6.781000000000000361e-01 9.017000000000000015e-02
6.572999999999999954e-01 9.607999999999999874e-02
6.369500000000000162e-01 1.016999999999999987e-01
6.170700000000000074e-01 1.069500000000000034e-01
5.976299999999999946e-01 1.117699999999999944e-01
5.785400000000000542e-01 1.161299999999999971e-01
5.596700000000000008e-01 1.200100000000000056e-01
5.408899999999999819e-01 1.234100000000000058e-01
5.221000000000000085e-01 1.263499999999999901e-01
5.032400000000000206e-01 1.288300000000000001e-01
4.842899999999999983e-01 1.308600000000000041e-01
4.652499999999999969e-01 1.324500000000000122e-01
4.461600000000000010e-01 1.335899999999999865e-01
4.270399999999999752e-01 1.342800000000000105e-01
4.078899999999999748e-01 1.345300000000000107e-01
3.886800000000000255e-01 1.343300000000000050e-01
3.693899999999999961e-01 1.337000000000000133e-01
3.500099999999999878e-01 1.326400000000000079e-01
3.305799999999999850e-01 1.311599999999999988e-01
3.111300000000000177e-01 1.292800000000000060e-01
2.917000000000000148e-01 1.270000000000000018e-01
2.723300000000000165e-01 1.243200000000000000e-01
2.530700000000000172e-01 1.212600000000000067e-01
2.339299999999999990e-01 1.178099999999999981e-01
2.149600000000000122e-01 1.139700000000000019e-01
1.962099999999999955e-01 1.097400000000000042e-01
1.777299999999999991e-01 1.051200000000000051e-01
1.595600000000000074e-01 1.001100000000000045e-01
1.417700000000000071e-01 9.471000000000000252e-02
1.244399999999999951e-01 8.891999999999999904e-02
1.076899999999999941e-01 8.276000000000000023e-02
9.161999999999999311e-02 7.623000000000000609e-02
7.638000000000000345e-02 6.938999999999999335e-02
6.219999999999999835e-02 6.228999999999999815e-02
4.930999999999999966e-02 5.503999999999999865e-02
3.799000000000000293e-02 4.780999999999999833e-02
2.845999999999999919e-02 4.084000000000000130e-02
2.079999999999999905e-02 3.440000000000000002e-02
1.489000000000000046e-02 2.863999999999999879e-02
1.041000000000000085e-02 2.353999999999999843e-02
7.069999999999999896e-03 1.902999999999999831e-02
4.579999999999999870e-03 1.499999999999999944e-02
2.759999999999999867e-03 1.137999999999999949e-02
1.469999999999999953e-03 8.080000000000000376e-03
6.099999999999999737e-04 5.049999999999999802e-03
1.299999999999999886e-04 2.220000000000000185e-03
0.000000000000000000e+00 -4.299999999999999894e-04
2.500000000000000052e-04 -3.059999999999999786e-03
9.700000000000000505e-04 -5.709999999999999798e-03
2.210000000000000159e-03 -8.279999999999999166e-03
3.989999999999999623e-03 -1.068000000000000026e-02
6.320000000000000097e-03 -1.288000000000000082e-02
9.209999999999999437e-03 -1.489000000000000046e-02
1.273000000000000000e-02 -1.678999999999999937e-02
1.706999999999999837e-02 -1.864999999999999991e-02
2.253000000000000141e-02 -2.052000000000000005e-02
2.955999999999999947e-02 -2.239000000000000018e-02
3.876000000000000278e-02 -2.420999999999999888e-02
5.086000000000000243e-02 -2.585000000000000145e-02
6.650999999999999968e-02 -2.716999999999999971e-02
8.566000000000000003e-02 -2.816000000000000100e-02
1.068700000000000067e-01 -2.888999999999999901e-02
1.286899999999999988e-01 -2.935000000000000109e-02
1.508899999999999963e-01 -2.957999999999999866e-02
1.733899999999999886e-01 -2.963999999999999968e-02
1.959700000000000053e-01 -2.957999999999999866e-02
2.185499999999999943e-01 -2.939999999999999905e-02
2.410899999999999987e-01 -2.912999999999999964e-02
2.635700000000000265e-01 -2.877000000000000043e-02
2.860099999999999865e-01 -2.834000000000000061e-02
3.084100000000000175e-01 -2.784999999999999976e-02
3.307899999999999729e-01 -2.730000000000000135e-02
3.531500000000000195e-01 -2.670000000000000151e-02
3.754899999999999904e-01 -2.605000000000000024e-02
3.978200000000000069e-01 -2.534000000000000141e-02
4.201500000000000234e-01 -2.458000000000000115e-02
4.424699999999999744e-01 -2.375999999999999987e-02
4.647899999999999809e-01 -2.288000000000000103e-02
4.871099999999999874e-01 -2.194000000000000117e-02
5.094300000000000495e-01 -2.094000000000000028e-02
5.317499999999999449e-01 -1.986999999999999877e-02
5.540699999999999514e-01 -1.874999999999999931e-02
5.763899999999999579e-01 -1.754999999999999963e-02
5.987099999999999644e-01 -1.629999999999999852e-02
6.210299999999999709e-01 -1.502000000000000036e-02
6.433499999999999774e-01 -1.370999999999999996e-02
6.656699999999999839e-01 -1.240999999999999916e-02
6.879999999999999449e-01 -1.111999999999999968e-02
7.103599999999999914e-01 -9.870000000000000301e-03
7.327900000000000524e-01 -8.640000000000000110e-03
7.552999999999999714e-01 -7.429999999999999973e-03
7.777600000000000069e-01 -6.239999999999999887e-03
8.001800000000000024e-01 -5.080000000000000314e-03
8.226599999999999469e-01 -3.989999999999999623e-03
8.449699999999999989e-01 -3.010000000000000089e-03
8.668599999999999639e-01 -2.180000000000000080e-03
8.881200000000000205e-01 -1.539999999999999919e-03
9.084900000000000198e-01 -1.119999999999999902e-03
9.278999999999999471e-01 -9.499999999999999981e-04
9.462899999999999645e-01 -1.030000000000000100e-03
9.632899999999999796e-01 -1.399999999999999986e-03
9.782499999999999529e-01 -2.010000000000000068e-03
9.903999999999999471e-01 -2.809999999999999998e-03
9.998000000000000220e-01 -3.670000000000000085e-03
