1.000000000000000000e+00 0.000000000000000000e+00
9.905903999999999821e-01 7.326999999999999746e-04
9.797474999999999934e-01 1.576600000000000050e-03
9.689113999999999782e-01 2.415000000000000046e-03
9.580731000000000108e-01 3.249000000000000152e-03
9.472344000000000319e-01 4.079600000000000067e-03
9.363936999999999955e-01 4.907599999999999810e-03
9.255505000000000537e-01 5.734500000000000014e-03
9.147062999999999722e-01 6.560599999999999765e-03
9.038602999999999499e-01 7.386499999999999837e-03
8.930126000000000452e-01 8.212600000000000455e-03
8.821636999999999951e-01 9.039000000000000160e-03
8.713136000000000214e-01 9.865999999999999770e-03
8.604625000000000190e-01 1.069329999999999933e-02
8.496103999999999878e-01 1.152079999999999944e-02
8.387567999999999691e-01 1.234840000000000070e-02
8.279026000000000440e-01 1.317590000000000081e-02
8.170475999999999850e-01 1.400269999999999987e-02
8.061911999999999967e-01 1.482879999999999962e-02
7.953343999999999969e-01 1.565389999999999837e-02
7.844763999999999626e-01 1.647770000000000137e-02
7.736178999999999695e-01 1.729980000000000059e-02
7.627585000000000059e-01 1.812019999999999950e-02
7.518979999999999553e-01 1.893869999999999928e-02
7.410368000000000510e-01 1.975539999999999935e-02
7.301754999999999773e-01 2.057000000000000148e-02
7.193131000000000386e-01 2.138260000000000161e-02
7.084498999999999658e-01 2.219370000000000023e-02
6.975867999999999514e-01 2.300309999999999855e-02
6.867231999999999781e-01 2.381120000000000111e-02
6.758593999999999991e-01 2.461810000000000040e-02
6.649956999999999674e-01 2.542430000000000037e-02
6.541327999999999587e-01 2.622980000000000103e-02
6.432695000000000496e-01 2.703500000000000000e-02
6.324068000000000467e-01 2.784040000000000126e-02
6.215456000000000314e-01 2.864579999999999904e-02
6.106848000000000276e-01 2.945160000000000139e-02
5.998257000000000172e-01 3.025780000000000136e-02
5.889678999999999887e-01 3.106429999999999955e-02
5.781117999999999535e-01 3.187099999999999655e-02
5.672576000000000285e-01 3.267769999999999703e-02
5.564055999999999447e-01 3.348380000000000106e-02
5.455560000000000409e-01 3.428860000000000241e-02
5.347085999999999784e-01 3.509140000000000176e-02
5.238639000000000490e-01 3.589130000000000098e-02
5.130223999999999895e-01 3.668699999999999739e-02
5.021832999999999991e-01 3.747700000000000337e-02
4.913470999999999811e-01 3.826000000000000234e-02
4.805140999999999996e-01 3.903419999999999807e-02
4.696847000000000105e-01 3.979730000000000073e-02
4.588578999999999852e-01 4.054750000000000021e-02
4.480345000000000022e-01 4.128249999999999975e-02
4.372143000000000002e-01 4.199989999999999973e-02
4.263977999999999935e-01 4.269690000000000291e-02
4.155842000000000147e-01 4.337089999999999695e-02
4.047737000000000140e-01 4.401950000000000307e-02
3.939669000000000088e-01 4.463969999999999744e-02
3.831628999999999730e-01 4.522869999999999668e-02
3.723618000000000205e-01 4.578410000000000118e-02
3.615634999999999821e-01 4.630309999999999981e-02
3.507676000000000127e-01 4.678360000000000157e-02
3.399752999999999803e-01 4.722300000000000109e-02
3.291868000000000016e-01 4.761869999999999992e-02
3.184012999999999982e-01 4.796840000000000132e-02
3.076203000000000132e-01 4.827000000000000041e-02
2.968444000000000083e-01 4.852080000000000282e-02
2.860735999999999835e-01 4.871849999999999792e-02
2.753083000000000058e-01 4.886120000000000047e-02
2.645510999999999835e-01 4.894609999999999933e-02
2.538020000000000276e-01 4.897060000000000302e-02
2.430635999999999908e-01 4.893170000000000158e-02
2.323365000000000014e-01 4.882589999999999847e-02
2.216213999999999962e-01 4.865030000000000049e-02
2.109218999999999955e-01 4.840089999999999670e-02
2.002383000000000079e-01 4.807349999999999818e-02
1.895731999999999973e-01 4.766379999999999922e-02
1.789299000000000028e-01 4.716650000000000009e-02
1.683112999999999970e-01 4.657599999999999935e-02
1.577216999999999925e-01 4.588539999999999980e-02
1.471649999999999903e-01 4.508720000000000089e-02
1.366461999999999954e-01 4.417299999999999699e-02
1.261726999999999987e-01 4.313360000000000111e-02
1.157611000000000057e-01 4.195720000000000005e-02
1.054163000000000044e-01 4.062700000000000339e-02
9.513589999999999547e-02 3.912990000000000218e-02
8.495719999999999661e-02 3.745409999999999712e-02
7.490729999999999611e-02 3.557570000000000177e-02
6.500380000000000047e-02 3.346980000000000094e-02
5.529850000000000043e-02 3.111339999999999939e-02
4.585190000000000099e-02 2.847790000000000044e-02
3.675769999999999732e-02 2.553839999999999930e-02
2.817669999999999897e-02 2.229029999999999900e-02
2.040190000000000059e-02 1.879410000000000108e-02
1.388370000000000055e-02 1.525409999999999960e-02
8.988400000000000556e-03 1.199719999999999953e-02
5.624800000000000112e-03 9.237600000000000325e-03
3.385500000000000054e-03 6.954700000000000291e-03
1.902100000000000101e-03 5.031800000000000335e-03
9.330000000000000186e-04 3.366099999999999908e-03
3.405999999999999848e-04 1.903699999999999923e-03
4.210000000000000011e-05 5.940999999999999667e-04
0.000000000000000000e+00 0.000000000000000000e+00
5.539999999999999813e-05 -8.084000000000000257e-04
5.990999999999999798e-04 -2.096499999999999839e-03
1.675599999999999963e-03 -3.184300000000000151e-03
3.209099999999999887e-03 -4.228199999999999667e-03
5.310699999999999796e-03 -5.330900000000000395e-03
8.293800000000000477e-03 -6.566899999999999647e-03
1.269619999999999950e-02 -8.004300000000000651e-03
1.910709999999999839e-02 -9.629699999999999718e-03
2.744450000000000014e-02 -1.126470000000000075e-02
3.694179999999999686e-02 -1.273250000000000076e-02
4.699140000000000261e-02 -1.399579999999999921e-02
5.730960000000000221e-02 -1.508040000000000075e-02
6.778049999999999353e-02 -1.601990000000000011e-02
7.834330000000000460e-02 -1.684099999999999833e-02
8.895659999999999679e-02 -1.756049999999999972e-02
9.959110000000000185e-02 -1.818449999999999928e-02
1.102530000000000038e-01 -1.871890000000000012e-02
1.209414000000000045e-01 -1.917400000000000007e-02
1.316369000000000011e-01 -1.955430000000000015e-02
1.423418999999999934e-01 -1.986140000000000128e-02
1.530579999999999996e-01 -2.009970000000000159e-02
1.637849000000000110e-01 -2.027299999999999935e-02
1.745244999999999991e-01 -2.038620000000000015e-02
1.852760999999999991e-01 -2.044429999999999858e-02
1.960392999999999997e-01 -2.045210000000000083e-02
2.068148999999999960e-01 -2.041449999999999862e-02
2.176022999999999985e-01 -2.033659999999999982e-02
2.284011999999999987e-01 -2.022320000000000020e-02
2.392111000000000098e-01 -2.007890000000000022e-02
2.500318000000000263e-01 -1.990820000000000090e-02
2.608621999999999885e-01 -1.971530000000000157e-02
2.717013999999999818e-01 -1.950400000000000050e-02
2.825486999999999860e-01 -1.927759999999999890e-02
2.934027000000000163e-01 -1.903909999999999977e-02
3.042619999999999769e-01 -1.879050000000000165e-02
3.151266999999999818e-01 -1.853399999999999839e-02
3.259954999999999936e-01 -1.827120000000000133e-02
3.368682000000000065e-01 -1.800339999999999926e-02
3.477446000000000148e-01 -1.773179999999999895e-02
3.586244000000000098e-01 -1.745750000000000079e-02
3.695071999999999801e-01 -1.718130000000000004e-02
3.803926000000000252e-01 -1.690399999999999889e-02
3.912806999999999813e-01 -1.662620000000000070e-02
4.021712000000000065e-01 -1.634839999999999904e-02
4.130627000000000049e-01 -1.607099999999999848e-02
4.239557999999999938e-01 -1.579409999999999842e-02
4.348496000000000028e-01 -1.551750000000000004e-02
4.457448999999999995e-01 -1.524140000000000043e-02
4.566409000000000162e-01 -1.496579999999999959e-02
4.675380000000000091e-01 -1.469069999999999925e-02
4.784355000000000135e-01 -1.441599999999999999e-02
4.893336999999999826e-01 -1.414140000000000015e-02
5.002328999999999803e-01 -1.386719999999999967e-02
5.111320000000000308e-01 -1.359310000000000032e-02
5.220320999999999989e-01 -1.331889999999999984e-02
5.329325999999999786e-01 -1.304489999999999990e-02
5.438328000000000051e-01 -1.277069999999999941e-02
5.547328999999999732e-01 -1.249620000000000071e-02
5.656335000000000113e-01 -1.222140000000000032e-02
5.765341000000000493e-01 -1.194620000000000057e-02
5.874342000000000175e-01 -1.167039999999999918e-02
5.983340000000000325e-01 -1.139410000000000076e-02
6.092338000000000475e-01 -1.111720000000000069e-02
6.201341999999999688e-01 -1.083950000000000018e-02
6.310345000000000537e-01 -1.056069999999999925e-02
6.419342999999999577e-01 -1.028090000000000080e-02
6.528348000000000484e-01 -9.999900000000000802e-03
6.637345999999999524e-01 -9.717599999999999849e-03
6.746347999999999789e-01 -9.434100000000000819e-03
6.855354000000000170e-01 -9.148999999999999147e-03
6.964358999999999966e-01 -8.862399999999999445e-03
7.073365000000000347e-01 -8.574299999999999977e-03
7.182372999999999674e-01 -8.284500000000000197e-03
7.291379000000000055e-01 -7.992900000000000699e-03
7.400385000000000435e-01 -7.699799999999999700e-03
7.509392999999999763e-01 -7.404799999999999577e-03
7.618397999999999559e-01 -7.108100000000000009e-03
7.727403000000000466e-01 -6.809899999999999808e-03
7.836410000000000320e-01 -6.510199999999999841e-03
7.945413999999999533e-01 -6.208800000000000430e-03
8.054413999999999740e-01 -5.906200000000000339e-03
8.163418000000000063e-01 -5.602300000000000162e-03
8.272420000000000329e-01 -5.296999999999999625e-03
8.381421999999999484e-01 -4.990699999999999824e-03
8.490429000000000448e-01 -4.682999999999999663e-03
8.599432999999999661e-01 -4.373900000000000010e-03
8.708428999999999753e-01 -4.063599999999999678e-03
8.817414000000000085e-01 -3.751299999999999947e-03
8.926385000000000014e-01 -3.436799999999999838e-03
9.035328000000000248e-01 -3.119400000000000037e-03
9.144246999999999792e-01 -2.798099999999999980e-03
9.253130999999999995e-01 -2.472300000000000192e-03
9.361968999999999985e-01 -2.140400000000000202e-03
9.470762000000000347e-01 -1.801000000000000083e-03
9.579512000000000027e-01 -1.452600000000000072e-03
9.688217000000000079e-01 -1.093900000000000081e-03
9.796875999999999918e-01 -7.230999999999999581e-04
9.905604999999999549e-01 -3.394000000000000098e-04
1.000000000000000000e+00 0.000000000000000000e+00
