1.000000000000000000e+00 -0.000000000000000000e+00
9.907985000000000264e-01 9.317999999999999894e-04
9.801895999999999942e-01 2.001600000000000081e-03
9.695839000000000540e-01 3.062300000000000005e-03
9.589775999999999856e-01 4.113900000000000196e-03
9.483709000000000167e-01 5.157300000000000079e-03
9.377638000000000362e-01 6.192699999999999767e-03
9.271557000000000270e-01 7.220999999999999988e-03
9.165470000000000006e-01 8.242799999999999780e-03
9.059376000000000095e-01 9.258499999999999369e-03
8.953276000000000012e-01 1.026859999999999926e-02
8.847165000000000168e-01 1.127350000000000053e-02
8.741050000000000209e-01 1.227379999999999964e-02
8.634929999999999550e-01 1.326940000000000064e-02
8.528801000000000299e-01 1.426069999999999942e-02
8.422663000000000233e-01 1.524790000000000000e-02
8.316516999999999937e-01 1.623139999999999999e-02
8.210366000000000053e-01 1.721090000000000120e-02
8.104202999999999824e-01 1.818670000000000009e-02
7.998034000000000532e-01 1.915889999999999954e-02
7.891858000000000484e-01 2.012720000000000134e-02
7.785670999999999564e-01 2.109159999999999854e-02
7.679475999999999525e-01 2.205210000000000156e-02
7.573273000000000366e-01 2.300829999999999889e-02
7.467059999999999809e-01 2.396020000000000094e-02
7.360837999999999548e-01 2.490749999999999909e-02
7.254608999999999641e-01 2.584969999999999976e-02
7.148366999999999916e-01 2.678670000000000009e-02
7.042118000000000544e-01 2.771819999999999840e-02
6.935858000000000301e-01 2.864360000000000170e-02
6.829589000000000354e-01 2.956260000000000138e-02
6.723314999999999708e-01 3.047460000000000099e-02
6.617026999999999770e-01 3.137929999999999886e-02
6.510734999999999717e-01 3.227580000000000032e-02
6.404429999999999845e-01 3.316369999999999735e-02
6.298116999999999743e-01 3.404259999999999925e-02
6.191797999999999469e-01 3.491149999999999809e-02
6.085471000000000075e-01 3.576990000000000031e-02
5.979136000000000450e-01 3.661690000000000084e-02
5.872794999999999543e-01 3.745169999999999749e-02
5.766447999999999574e-01 3.827359999999999790e-02
5.660091000000000427e-01 3.908160000000000106e-02
5.553730999999999529e-01 3.987489999999999785e-02
5.447370000000000267e-01 4.065230000000000232e-02
5.341000999999999665e-01 4.141279999999999961e-02
5.234626999999999475e-01 4.215549999999999853e-02
5.128253999999999868e-01 4.287910000000000332e-02
5.021877000000000146e-01 4.358240000000000031e-02
4.915496999999999783e-01 4.426429999999999948e-02
4.809118000000000004e-01 4.492349999999999816e-02
4.702738000000000196e-01 4.555859999999999771e-02
4.596359999999999890e-01 4.616839999999999833e-02
4.489983000000000168e-01 4.675139999999999851e-02
4.383610000000000007e-01 4.730630000000000251e-02
4.277243000000000017e-01 4.783149999999999902e-02
4.170878000000000085e-01 4.832569999999999921e-02
4.064519999999999800e-01 4.878740000000000160e-02
3.958171999999999802e-01 4.921509999999999774e-02
3.851833000000000062e-01 4.960740000000000288e-02
3.745497999999999883e-01 4.996280000000000165e-02
3.639176000000000077e-01 5.028019999999999712e-02
3.532860999999999918e-01 5.055819999999999759e-02
3.426563000000000248e-01 5.079569999999999919e-02
3.320282999999999984e-01 5.099100000000000160e-02
3.214022999999999741e-01 5.114280000000000215e-02
3.107789000000000246e-01 5.124959999999999932e-02
3.001583999999999919e-01 5.130980000000000263e-02
2.895416000000000101e-01 5.132149999999999906e-02
2.789285000000000236e-01 5.128280000000000338e-02
2.683201000000000058e-01 5.119209999999999733e-02
2.577178999999999998e-01 5.104639999999999872e-02
2.471221999999999863e-01 5.084339999999999693e-02
2.365346999999999866e-01 5.057960000000000234e-02
2.259552999999999978e-01 5.025179999999999925e-02
2.153859999999999941e-01 4.985660000000000092e-02
2.048279000000000072e-01 4.938970000000000166e-02
1.942821999999999882e-01 4.884680000000000272e-02
1.837507999999999919e-01 4.822329999999999672e-02
1.732357999999999953e-01 4.751389999999999780e-02
1.627398999999999929e-01 4.671249999999999708e-02
1.522661999999999904e-01 4.581249999999999906e-02
1.418168999999999957e-01 4.480649999999999911e-02
1.313971999999999918e-01 4.368659999999999904e-02
1.210127000000000008e-01 4.244350000000000206e-02
1.106796000000000030e-01 4.106440000000000090e-02
1.003886999999999974e-01 3.953330000000000038e-02
9.015249999999999653e-02 3.784180000000000182e-02
8.000540000000000429e-02 3.597310000000000091e-02
6.995210000000000317e-02 3.389960000000000195e-02
6.002350000000000046e-02 3.159900000000000209e-02
5.026219999999999993e-02 2.903949999999999934e-02
4.072549999999999781e-02 2.618300000000000141e-02
3.150889999999999941e-02 2.298719999999999930e-02
2.278710000000000110e-02 1.941719999999999904e-02
1.493039999999999992e-02 1.550340000000000051e-02
8.657099999999999171e-03 1.154230000000000013e-02
4.575499999999999706e-03 8.149500000000000494e-03
2.267900000000000211e-03 5.550900000000000105e-03
9.955999999999999139e-04 3.530300000000000105e-03
3.112999999999999773e-04 1.872600000000000089e-03
1.009999999999999986e-05 3.543999999999999950e-04
0.000000000000000000e+00 0.000000000000000000e+00
1.461000000000000005e-04 -8.997000000000000223e-04
9.171000000000000115e-04 -2.055599999999999875e-03
2.344399999999999956e-03 -3.211100000000000152e-03
4.638899999999999621e-03 -4.534400000000000062e-03
8.514900000000000593e-03 -6.219399999999999928e-03
1.497680000000000018e-02 -8.335199999999999207e-03
2.367299999999999960e-02 -1.050590000000000031e-02
3.330790000000000139e-02 -1.241079999999999961e-02
4.330710000000000115e-02 -1.403989999999999926e-02
5.348669999999999813e-02 -1.544230000000000082e-02
6.377839999999999898e-02 -1.665909999999999960e-02
7.414850000000000607e-02 -1.772270000000000095e-02
8.457299999999999540e-02 -1.865649999999999947e-02
9.502910000000000523e-02 -1.947470000000000104e-02
1.055119000000000057e-01 -2.018539999999999918e-02
1.160280999999999951e-01 -2.080190000000000164e-02
1.265644999999999964e-01 -2.133600000000000080e-02
1.371129000000000098e-01 -2.179199999999999887e-02
1.476758999999999988e-01 -2.217569999999999958e-02
1.582501000000000047e-01 -2.249239999999999920e-02
1.688358000000000081e-01 -2.274719999999999867e-02
1.794315999999999967e-01 -2.294509999999999952e-02
1.900353999999999932e-01 -2.309049999999999991e-02
2.006470999999999949e-01 -2.318740000000000037e-02
2.112659000000000065e-01 -2.323969999999999855e-02
2.218907999999999991e-01 -2.325100000000000083e-02
2.325219000000000036e-01 -2.322489999999999971e-02
2.431580999999999881e-01 -2.316450000000000106e-02
2.537994000000000083e-01 -2.307299999999999976e-02
2.644450999999999885e-01 -2.295329999999999940e-02
2.750947000000000253e-01 -2.280799999999999841e-02
2.857477999999999962e-01 -2.263959999999999931e-02
2.964033999999999835e-01 -2.245020000000000002e-02
3.070615999999999901e-01 -2.224150000000000085e-02
3.177222000000000102e-01 -2.201519999999999866e-02
3.283844000000000207e-01 -2.177300000000000069e-02
3.390487999999999835e-01 -2.151590000000000100e-02
3.497151000000000010e-01 -2.124579999999999871e-02
3.603830000000000089e-01 -2.096380000000000118e-02
3.710532000000000274e-01 -2.067120000000000068e-02
3.817248999999999781e-01 -2.036939999999999931e-02
3.923982999999999777e-01 -2.005940000000000153e-02
4.030734000000000261e-01 -1.974259999999999904e-02
4.137496999999999980e-01 -1.941970000000000154e-02
4.244268999999999958e-01 -1.909150000000000083e-02
4.351052999999999726e-01 -1.875869999999999968e-02
4.457845999999999753e-01 -1.842190000000000147e-02
4.564653000000000183e-01 -1.808179999999999857e-02
4.671465000000000201e-01 -1.773889999999999842e-02
4.778287999999999980e-01 -1.739370000000000152e-02
4.885120000000000018e-01 -1.704659999999999856e-02
4.991959999999999731e-01 -1.669800000000000104e-02
5.098806000000000171e-01 -1.634839999999999904e-02
5.205659999999999732e-01 -1.599779999999999952e-02
5.312519999999999465e-01 -1.564679999999999890e-02
5.419386000000000481e-01 -1.529550000000000007e-02
5.526256999999999975e-01 -1.494389999999999954e-02
5.633133999999999642e-01 -1.459240000000000016e-02
5.740013000000000476e-01 -1.424100000000000019e-02
5.846896000000000315e-01 -1.388969999999999962e-02
5.953783999999999743e-01 -1.353870000000000073e-02
6.060674000000000339e-01 -1.318809999999999948e-02
6.167565000000000408e-01 -1.283779999999999991e-02
6.274454999999999893e-01 -1.248769999999999915e-02
6.381345000000000489e-01 -1.213780000000000067e-02
6.488234000000000501e-01 -1.178809999999999927e-02
6.595121000000000455e-01 -1.143850000000000075e-02
6.702012000000000524e-01 -1.108909999999999930e-02
6.808904999999999541e-01 -1.073960000000000019e-02
6.915797000000000194e-01 -1.039009999999999934e-02
7.022688999999999737e-01 -1.004050000000000081e-02
7.129581000000000390e-01 -9.690799999999999415e-03
7.236472999999999933e-01 -9.341000000000000345e-03
7.343364000000000003e-01 -8.991000000000000728e-03
7.450257000000000129e-01 -8.640800000000000564e-03
7.557150000000000256e-01 -8.290399999999999853e-03
7.664043000000000383e-01 -7.939999999999999142e-03
7.770936000000000510e-01 -7.589499999999999892e-03
7.877828999999999526e-01 -7.239100000000000049e-03
7.984719000000000122e-01 -6.888700000000000205e-03
8.091606999999999550e-01 -6.538699999999999721e-03
8.198497000000000146e-01 -6.188700000000000104e-03
8.305386999999999631e-01 -5.839099999999999846e-03
8.412279000000000284e-01 -5.489800000000000409e-03
8.519168999999999770e-01 -5.140600000000000377e-03
8.626059000000000365e-01 -4.791499999999999752e-03
8.732940999999999621e-01 -4.442399999999999995e-03
8.839812999999999699e-01 -4.092700000000000331e-03
8.946673000000000542e-01 -3.742000000000000100e-03
9.053516999999999815e-01 -3.389399999999999878e-03
9.160346999999999795e-01 -3.034100000000000078e-03
9.267151999999999612e-01 -2.675199999999999974e-03
9.373926999999999676e-01 -2.311199999999999800e-03
9.480678000000000161e-01 -1.940600000000000007e-03
9.587396000000000251e-01 -1.562000000000000020e-03
9.694083000000000006e-01 -1.173800000000000017e-03
9.800735999999999892e-01 -7.741999999999999533e-04
9.907426999999999762e-01 -3.627999999999999823e-04
1.000000000000000000e+00 -0.000000000000000000e+00
