1.000000000000000000e+00 -3.599999999999999901e-03
9.899999999999999911e-01 -2.650000000000000012e-03
9.799999999999999822e-01 -1.799999999999999951e-03
9.699999999999999734e-01 -1.100000000000000066e-03
9.599999999999999645e-01 -4.499999999999999877e-04
9.499999999999999556e-01 1.499999999999999869e-04
9.399999999999999467e-01 6.999999999999999929e-04
9.300000000000000488e-01 1.199999999999999895e-03
9.200000000000000400e-01 1.699999999999999905e-03
9.100000000000000311e-01 2.150000000000000001e-03
9.000000000000000222e-01 2.550000000000000183e-03
8.900000000000000133e-01 2.949999999999999931e-03
8.800000000000000044e-01 3.299999999999999982e-03
8.699999999999999956e-01 3.650000000000000033e-03
8.599999999999999867e-01 3.950000000000000386e-03
8.499999999999999778e-01 4.250000000000000305e-03
8.399999999999999689e-01 4.550000000000000225e-03
8.299999999999999600e-01 4.799999999999999580e-03
8.199999999999999512e-01 5.049999999999999802e-03
8.100000000000000533e-01 5.300000000000000024e-03
8.000000000000000444e-01 5.550000000000000246e-03
7.900000000000000355e-01 5.799999999999999600e-03
7.800000000000000266e-01 6.000000000000000125e-03
7.700000000000000178e-01 6.199999999999999782e-03
7.600000000000000089e-01 6.400000000000000307e-03
7.500000000000000000e-01 6.599999999999999964e-03
7.399999999999999911e-01 6.799999999999999621e-03
7.299999999999999822e-01 7.000000000000000146e-03
7.199999999999999734e-01 7.199999999999999803e-03
7.099999999999999645e-01 7.400000000000000328e-03
6.999999999999999556e-01 7.550000000000000287e-03
6.899999999999999467e-01 7.700000000000000247e-03
6.800000000000000488e-01 7.849999999999999339e-03
6.700000000000000400e-01 8.000000000000000167e-03
6.600000000000000311e-01 8.149999999999999259e-03
6.500000000000000222e-01 8.300000000000000086e-03
6.400000000000000133e-01 8.449999999999999178e-03
6.300000000000000044e-01 8.600000000000000006e-03
6.199999999999999956e-01 8.699999999999999400e-03
6.099999999999999867e-01 8.800000000000000530e-03
5.999999999999999778e-01 8.899999999999999925e-03
5.899999999999999689e-01 8.999999999999999320e-03
5.799999999999999600e-01 9.100000000000000450e-03
5.699999999999999512e-01 9.199999999999999845e-03
5.600000000000000533e-01 9.299999999999999239e-03
5.500000000000000444e-01 9.400000000000000369e-03
5.400000000000000355e-01 9.499999999999999764e-03
5.300000000000000266e-01 9.549999999999999462e-03
5.200000000000000178e-01 9.599999999999999159e-03
5.100000000000000089e-01 9.650000000000000591e-03
5.000000000000000000e-01 9.700000000000000289e-03
4.899999999999999911e-01 9.749999999999999986e-03
4.799999999999999822e-01 9.799999999999999684e-03
4.699999999999999734e-01 9.849999999999999381e-03
4.600000000000000200e-01 9.900000000000000813e-03
4.500000000000000111e-01 9.950000000000000511e-03
4.400000000000000022e-01 1.000000000000000021e-02
4.299999999999999933e-01 1.000000000000000021e-02
4.199999999999999845e-01 1.000000000000000021e-02
4.099999999999999756e-01 1.000000000000000021e-02
4.000000000000000222e-01 1.000000000000000021e-02
3.900000000000000133e-01 1.000000000000000021e-02
3.800000000000000044e-01 1.000000000000000021e-02
3.699999999999999956e-01 1.000000000000000021e-02
3.599999999999999867e-01 1.000000000000000021e-02
3.499999999999999778e-01 1.000000000000000021e-02
3.400000000000000244e-01 1.000000000000000021e-02
3.300000000000000155e-01 9.950000000000000511e-03
3.200000000000000067e-01 9.900000000000000813e-03
3.099999999999999978e-01 9.849999999999999381e-03
2.999999999999999889e-01 9.799999999999999684e-03
2.899999999999999800e-01 9.749999999999999986e-03
2.800000000000000266e-01 9.700000000000000289e-03
2.700000000000000178e-01 9.650000000000000591e-03
2.600000000000000089e-01 9.599999999999999159e-03
2.500000000000000000e-01 9.499999999999999764e-03
2.399999999999999911e-01 9.400000000000000369e-03
2.300000000000000100e-01 9.299999999999999239e-03
2.200000000000000011e-01 9.199999999999999845e-03
2.099999999999999922e-01 9.100000000000000450e-03
2.000000000000000111e-01 8.999999999999999320e-03
1.900000000000000022e-01 8.899999999999999925e-03
1.799999999999999933e-01 8.750000000000000833e-03
1.700000000000000122e-01 8.600000000000000006e-03
1.600000000000000033e-01 8.449999999999999178e-03
1.499999999999999944e-01 8.300000000000000086e-03
1.400000000000000133e-01 8.099999999999999561e-03
1.300000000000000044e-01 7.900000000000000772e-03
1.199999999999999956e-01 7.700000000000000247e-03
1.100000000000000006e-01 7.450000000000000025e-03
1.000000000000000056e-01 7.199999999999999803e-03
8.999999999999999667e-02 6.899999999999999883e-03
8.000000000000000167e-02 6.599999999999999964e-03
7.000000000000000666e-02 6.250000000000000347e-03
5.999999999999999778e-02 5.899999999999999863e-03
5.000000000000000278e-02 5.499999999999999681e-03
4.000000000000000083e-02 5.000000000000000104e-03
2.999999999999999889e-02 4.449999999999999963e-03
2.000000000000000042e-02 3.749999999999999861e-03
1.000000000000000021e-02 2.799999999999999972e-03
5.000000000000000104e-03 2.050000000000000173e-03
2.000000000000000042e-03 1.350000000000000071e-03
0.000000000000000000e+00 0.000000000000000000e+00
0.000000000000000000e+00 0.000000000000000000e+00
2.000000000000000042e-03 -1.350000000000000071e-03
5.000000000000000104e-03 -2.050000000000000173e-03
1.000000000000000021e-02 -2.799999999999999972e-03
2.000000000000000042e-02 -3.749999999999999861e-03
2.999999999999999889e-02 -4.449999999999999963e-03
4.000000000000000083e-02 -5.000000000000000104e-03
5.000000000000000278e-02 -5.499999999999999681e-03
5.999999999999999778e-02 -5.899999999999999863e-03
7.000000000000000666e-02 -6.250000000000000347e-03
8.000000000000000167e-02 -6.599999999999999964e-03
8.999999999999999667e-02 -6.899999999999999883e-03
1.000000000000000056e-01 -7.199999999999999803e-03
1.100000000000000006e-01 -7.450000000000000025e-03
1.199999999999999956e-01 -7.700000000000000247e-03
1.300000000000000044e-01 -7.900000000000000772e-03
1.400000000000000133e-01 -8.099999999999999561e-03
1.499999999999999944e-01 -8.300000000000000086e-03
1.600000000000000033e-01 -8.449999999999999178e-03
1.700000000000000122e-01 -8.600000000000000006e-03
1.799999999999999933e-01 -8.750000000000000833e-03
1.900000000000000022e-01 -8.899999999999999925e-03
2.000000000000000111e-01 -8.999999999999999320e-03
2.099999999999999922e-01 -9.100000000000000450e-03
2.200000000000000011e-01 -9.199999999999999845e-03
2.300000000000000100e-01 -9.299999999999999239e-03
2.399999999999999911e-01 -9.400000000000000369e-03
2.500000000000000000e-01 -9.499999999999999764e-03
2.600000000000000089e-01 -9.599999999999999159e-03
2.700000000000000178e-01 -9.650000000000000591e-03
2.800000000000000266e-01 -9.700000000000000289e-03
2.899999999999999800e-01 -9.749999999999999986e-03
2.999999999999999889e-01 -9.799999999999999684e-03
3.099999999999999978e-01 -9.849999999999999381e-03
3.200000000000000067e-01 -9.900000000000000813e-03
3.300000000000000155e-01 -9.950000000000000511e-03
3.400000000000000244e-01 -9.950000000000000511e-03
3.499999999999999778e-01 -9.950000000000000511e-03
3.599999999999999867e-01 -9.950000000000000511e-03
3.699999999999999956e-01 -9.950000000000000511e-03
3.800000000000000044e-01 -9.950000000000000511e-03
3.900000000000000133e-01 -9.950000000000000511e-03
4.000000000000000222e-01 -9.950000000000000511e-03
4.099999999999999756e-01 -9.900000000000000813e-03
4.199999999999999845e-01 -9.849999999999999381e-03
4.299999999999999933e-01 -9.799999999999999684e-03
4.400000000000000022e-01 -9.749999999999999986e-03
4.500000000000000111e-01 -9.650000000000000591e-03
4.600000000000000200e-01 -9.549999999999999462e-03
4.699999999999999734e-01 -9.450000000000000067e-03
4.799999999999999822e-01 -9.350000000000000672e-03
4.899999999999999911e-01 -9.249999999999999542e-03
5.000000000000000000e-01 -9.150000000000000147e-03
5.100000000000000089e-01 -8.999999999999999320e-03
5.200000000000000178e-01 -8.850000000000000228e-03
5.300000000000000266e-01 -8.699999999999999400e-03
5.400000000000000355e-01 -8.550000000000000308e-03
5.500000000000000444e-01 -8.399999999999999481e-03
5.600000000000000533e-01 -8.200000000000000691e-03
5.699999999999999512e-01 -8.000000000000000167e-03
5.799999999999999600e-01 -7.799999999999999642e-03
5.899999999999999689e-01 -7.599999999999999985e-03
5.999999999999999778e-01 -7.349999999999999763e-03
6.099999999999999867e-01 -7.100000000000000408e-03
6.199999999999999956e-01 -6.850000000000000186e-03
6.300000000000000044e-01 -6.599999999999999964e-03
6.400000000000000133e-01 -6.349999999999999742e-03
6.500000000000000222e-01 -6.100000000000000387e-03
6.600000000000000311e-01 -5.850000000000000165e-03
6.700000000000000400e-01 -5.599999999999999943e-03
6.800000000000000488e-01 -5.349999999999999721e-03
6.899999999999999467e-01 -5.100000000000000366e-03
6.999999999999999556e-01 -4.850000000000000144e-03
7.099999999999999645e-01 -4.599999999999999922e-03
7.199999999999999734e-01 -4.349999999999999700e-03
7.299999999999999822e-01 -4.100000000000000346e-03
7.399999999999999911e-01 -3.850000000000000124e-03
7.500000000000000000e-01 -3.599999999999999901e-03
7.600000000000000089e-01 -3.350000000000000113e-03
7.700000000000000178e-01 -3.099999999999999891e-03
7.800000000000000266e-01 -2.850000000000000103e-03
7.900000000000000355e-01 -2.599999999999999881e-03
8.000000000000000444e-01 -2.399999999999999790e-03
8.100000000000000533e-01 -2.200000000000000133e-03
8.199999999999999512e-01 -2.000000000000000042e-03
8.299999999999999600e-01 -1.799999999999999951e-03
8.399999999999999689e-01 -1.649999999999999991e-03
8.499999999999999778e-01 -1.549999999999999946e-03
8.599999999999999867e-01 -1.449999999999999900e-03
8.699999999999999956e-01 -1.399999999999999986e-03
8.800000000000000044e-01 -1.399999999999999986e-03
8.900000000000000133e-01 -1.399999999999999986e-03
9.000000000000000222e-01 -1.500000000000000031e-03
9.100000000000000311e-01 -1.600000000000000077e-03
9.200000000000000400e-01 -1.750000000000000036e-03
9.300000000000000488e-01 -1.949999999999999910e-03
9.399999999999999467e-01 -2.200000000000000133e-03
9.499999999999999556e-01 -2.500000000000000052e-03
9.599999999999999645e-01 -2.899999999999999800e-03
9.699999999999999734e-01 -3.399999999999999811e-03
9.799999999999999822e-01 -4.000000000000000083e-03
9.899999999999999911e-01 -4.700000000000000185e-03
1.000000000000000000e+00 -5.499999999999999681e-03
